2.03110996012375
2.42049336692137
3.97901783449961
3.27277167953022
2.38178625789174
4.66403871458017
3.55337230955605
2.30840056048395
1.99261799808018
2.49735223696014
1.7031797268318
1.59520723042166
1.50119059395648
1.51363317328796
2.4029826086141
2.37848480848683
1.77428801449141
3.1357612680474
3.23109157654855
2.57601839368424
2.08312110937124
1.28337027026924
1.7717609769617
1.9573966108825
4.21706971937741
3.79121782624358
5.07811469354916
3.06775911993402
2.72496552826564
1.33078975627721
1.87583857105817
1.90528685677751
1.83402700009087
1.4516099857508
3.77149930004196
1.80149672155887
1.28274234334996
7.35812229531103
4.63168429325898
1.8500325059585
4.13514138394621
1.8451220095352
2.44814856540365
3.84890939439283
2.11878013213859
2.59401043096029
3.17916983781217
3.1355951210429
1.37335487614488
1.37301794490754
2.78011489825654
2.66560748752842
1.78432921683538
1.80414507670207
4.098375599084
3.35824841054998
1.4441875450245
3.53665319535341
2.9100861544508
3.79264616408346
3.02351964432695
2.47940611473492
1.93998290793355
2.15622548305906
1.53943554195745
3.43420303202129
2.6313342741933
2.1562605558335
3.92398586275681
1.01996187517314
2.28329536442689
1.21469201169054
2.77970970123312
1.94306064432989
2.7262650354744
3.74104343052705
1.71397759629332
4.61335029881821
2.04481784288464
1.60138235134183
2.0547262029922
1.82990074870235
3.82928157951408
1.53180543612809
1.73852959872883
2.44064543973411
1.53709920895985
4.51223419443002
1.92259860894767
3.70228627605079
2.09515750310758
1.92124824260455
4.32473477786523
2.36362769445937
1.71648310181586
1.51791104710798
1.34372509522727
1.41668747543475
2.15290658167027
1.70497430645948
